#1
0.0671578
0.0696681
0.0696973
0.069673899
0.070075499
0.074291601
0.084037101
0.0189737
0.020631299
0.0972229
0.0304787
0.0380335
0.0558115
0.041255699
0.039480699
0.0118542
0.0535314
0.057801299
0.104095901
0.0991522
0.0480074
0.104362101
1.931321001

#2
0.063197
0.0641543
0.0640756
0.069827099
0.0698281
0.0755274
0.0910432
0.042325799
0.116780101
0.054356201
0.0557866
0.1437487
0.1336393
0.1863668
0.1808636
0.1319737
0.1735471
0.142821399
0.0720235
0.2585648
0.0838225
0.112101501
1.511919501

#3
0.0560756
0.0562702
0.0562691
0.0561467
0.0559687
0.0562097
0.0867673
0.0897288
0.056406901
0.0587394
0.058885501
0.086003401
0.216964799
0.184501
0.1874065
0.2455357
0.3020817
0.243418201
0.217752799
0.244803599
0.1384246
0.176794799
1.4733071

#4
0.1953263
0.195305401
0.1971457
0.197318901
0.205260501
0.2050311
0.2141343
0.2270369
0.0467599
0.045772901
0.07318
0.0813702
0.061768701
0.0589533
0.087982599
0.1119048
0.0219643
0.072075199
0.081694901
0.148478899
0.2218973
0.194034701
2.0169352

#5
0.061152899
0.0616514
0.0686249
0.0696525
0.0835518
0.100360401
0.0416012
0.0410702
0.1126518
0.0171207
0.016002199
0.0653588
0.139567299
0.0563961
0.072504299
0.0459678
0.1372886
0.068945
0.0832635
0.0924582
0.0978488
0.1553554
1.4859473

Fetching 23 webpages in parralel is not 23 times faster than fetching them one by
one because those processes mostly depend on internet connection and web server's
responses. It is faster but not 23 times faster.