#1
0.1154723
0.0354231
0.0671518
0.0258844
0.0674077
0.057447601
0.052797601
0.0290756
0.1179374
0.012909799
0.047322599
0.0257894
0.058638299
0.152191001
0.0655246
0.0883668
0.0295799
0.0597348
0.0490479
0.084810901
0.0288524
0.081156499
1.4563799

#2
0.1305047
0.094503401
0.146958201
0.0606128
0.2850228
0.133233001
0.102869
0.1362065
0.385602599
0.1502869
0.2172367
0.221443501
0.2096423
0.5575017
0.0990405
0.051180601
0.086797701
0.2497534
0.618680999
0.2308716
0.1989226
0.2925122
2.1662716

#3
0.0958272
0.051962299
0.064056
0.041131901
0.049769801
0.0978774
0.090076601
0.090995699
0.166009999
0.0437139
0.042298999
0.067626899
0.0448256
0.1678173
0.112041101
0.0513974
0.0287556
0.0533293
0.032987999
0.0848038
0.0432799
0.205748601
1.5785286

#4
0.1366649
0.0683572
0.106009
0.0368728
0.148166801
0.2251281
0.2359041
0.295719499
0.1291388
0.0208447
0.0474984
0.013104699
0.0700077
0.154841
0.082149301
0.094018201
0.059755
0.0727888
0.0994647
0.196762399
0.0172603
0.1429335
2.2383954

#5
0.4185278
0.0556481
0.135282201
0.159713901
0.0612059
0.181361001
0.058248
0.0299457
0.1004154
0.027904599
0.1271081
0.043695
0.052830601
0.2522292
0.0739019
0.0621944
0.1058881
0.1546543
0.1242716
0.1177488
0.0840085
0.137607201
1.5532256